2 0.94894 0.0497902 0.000359886 0.000387078 6.75999e-05 0.000361514 3.01628e-05 2.06568e-05 1.80921e-05 2.45166e-05 
3 0.193641 0.315392 0.408037 0.0165202 0.0217241 0.0188625 0.00911662 0.00548902 0.00300836 0.00821034 
4 0.253485 0.428365 0.0980412 0.0449029 0.0664165 0.031954 0.027183 0.0164493 0.00867042 0.0245328 
5 0.99905 0.000474047 6.36401e-05 5.07806e-06 0.000102496 0.000242392 1.82939e-06 2.72856e-05 3.14596e-05 1.68115e-06 
6 0.414282 0.583626 0.00066764 0.000539809 0.000184362 0.000453338 8.02132e-05 5.70355e-05 4.49257e-05 6.48051e-05 
7 0.21373 0.676943 0.034578 0.0167598 0.0181359 0.0131465 0.00892804 0.00616635 0.00463685 0.00697556 
8 0.993299 0.00421615 0.00208782 1.20068e-05 0.000245239 8.34059e-06 3.28829e-06 2.27669e-06 7.73069e-05 4.84986e-05 
9 0.355731 0.642225 0.00113925 0.000364549 0.000175626 0.000127664 7.67972e-05 5.46066e-05 4.30125e-05 6.20453e-05 
10 0.198135 0.63275 0.0537627 0.029595 0.0234585 0.0261262 0.0128137 0.00767397 0.00420587 0.0114785 
11 0.226569 0.77249 0.000532004 0.000117157 8.66329e-05 7.44917e-05 4.03112e-05 2.97048e-05 2.60166e-05 3.52551e-05 
12 0.316913 0.486193 0.0603084 0.0399355 0.0302275 0.0219108 0.0148801 0.0102773 0.00772809 0.0116259 
13 0.948742 0.0490211 0.00141325 0.000232305 0.000165344 0.000133541 8.75122e-05 6.05902e-05 4.89345e-05 9.54413e-05 
14 0.792899 0.204195 0.00157261 0.000417289 0.000298096 0.00021669 0.000130351 9.26864e-05 7.30072e-05 0.000105313 
15 0.997568 0.00141268 0.000528746 9.16786e-05 2.0541e-05 0.000227991 3.77353e-05 1.5353e-05 2.21411e-05 7.54406e-05 
16 0.276477 0.434195 0.0800093 0.0504651 0.0531745 0.0292155 0.0241923 0.0196911 0.00913993 0.0234397 
17 0.496407 0.476653 0.0122037 0.00461164 0.00329448 0.00239479 0.00144061 0.00102434 0.000806855 0.00116389 
18 0.163892 0.835047 1.04666e-05 0.00014737 0.000444607 0.000109272 0.000139078 8.02562e-07 7.04378e-05 0.000138924 
19 0.198599 0.749529 0.0196057 0.00804983 0.00706783 0.00557242 0.00366465 0.00277182 0.00153663 0.00360333 
20 0.728966 0.269996 0.000662314 0.00010606 7.54885e-05 6.09688e-05 3.99541e-05 2.76627e-05 2.23412e-05 4.35741e-05 
21 0.349014 0.527561 0.0547015 0.0171451 0.0150536 0.0118685 0.00780523 0.00590362 0.00327283 0.00767462 
22 0.280451 0.422072 0.0799715 0.0490434 0.0377106 0.0423586 0.0235109 0.0241048 0.0179965 0.0227815 
23 0.836249 0.146779 0.00640965 0.00263507 0.00231362 0.00182411 0.00119961 0.000907342 0.00050301 0.00117953 
24 0.296423 0.604957 0.0337566 0.01361 0.0119497 0.00942142 0.00742052 0.0128462 0.00352281 0.00609222 
25 0.918251 0.0188062 0.0613846 0.000366505 0.00104751 5.21471e-05 2.8209e-05 2.07868e-05 1.82059e-05 2.46708e-05 
26 0.995855 0.00380019 0.000104554 8.05869e-05 3.88929e-05 0.000104929 8.41842e-06 2.24892e-06 1.6112e-06 3.14247e-06 
27 0.335234 0.400002 0.0912463 0.0506 0.0409872 0.0226503 0.0187558 0.0152661 0.00708601 0.0181724 
28 0.28515 0.713947 0.000219735 0.000611051 2.15076e-05 1.84592e-05 9.98919e-06 7.36089e-06 6.44695e-06 8.73629e-06 
29 0.40704 0.505733 0.0787918 0.00263986 0.00188565 0.00137071 0.000824559 0.000586302 0.000461819 0.000666171 
30 0.375772 0.605546 0.00592785 0.00285961 0.00309441 0.00224309 0.00152333 0.00105212 0.000791155 0.00119019 
31 0.166588 0.8308 0.00113751 0.00046143 0.000329637 0.000239617 0.000144144 0.000102493 8.0732e-05 0.000116455 
32 0.926008 0.0711277 0.00124021 0.000508186 0.000363039 0.000263897 0.00015875 0.000112879 8.89125e-05 0.000128256 
33 0.37496 0.576167 0.0210017 0.00872202 0.00623086 0.00452929 0.00272463 0.00193735 0.00152601 0.00220126 
34 0.27199 0.440669 0.0961266 0.0423404 0.0384786 0.0324133 0.0275887 0.0166948 0.00879983 0.0248989 
35 0.467468 0.500399 0.0223084 0.00307444 0.00219632 0.00159653 0.000960406 0.000682896 0.000537904 0.000775924 
36 0.317748 0.469781 0.157403 0.0363667 0.00549734 0.0042905 0.00282161 0.00213417 0.00118314 0.00277439 
37 0.583309 0.0947079 0.321022 0.000277914 0.000202568 0.000174179 9.42572e-05 6.94567e-05 6.08329e-05 8.24349e-05 
38 0.98088 0.0053966 0.0134454 0.000223949 1.49612e-05 1.20834e-05 7.91849e-06 5.48246e-06 4.42781e-06 8.63595e-06 
39 0.258983 0.366875 0.368135 0.00188088 0.00134248 0.000975865 0.00058704 0.000417414 0.000328789 0.000474277 
40 0.699557 0.279797 0.00911053 0.00290142 0.00251984 0.00198669 0.00130653 0.000988214 0.000547843 0.00128466 
41 0.325129 0.454076 0.0602477 0.0292769 0.0578151 0.0269209 0.0155564 0.0107444 0.00807937 0.0121544 
42 0.502134 0.406375 0.0412916 0.0113037 0.0221407 0.00588478 0.00353051 0.00251036 0.00197736 0.00285234 
43 0.136329 0.859888 0.00209521 0.000482948 0.00035712 0.000307072 0.000166172 0.00012245 0.000107246 0.00014533 
44 0.38023 0.568926 0.015904 0.00814632 0.00758461 0.00606902 0.0046384 0.002793 0.00153076 0.0041777 
45 0.234927 0.450446 0.0813036 0.0551368 0.0395786 0.0456013 0.0265874 0.0158328 0.00996105 0.0406252 
46 0.495617 0.274086 0.157484 0.022426 0.023741 0.00878982 0.00596933 0.00412285 0.00310022 0.00466389 
47 0.412565 0.57255 0.00662995 0.00205955 0.00180831 0.00142571 0.000937602 0.000709171 0.000393148 0.000921912 
48 0.182395 0.501988 0.0476764 0.0444882 0.0556097 0.0727282 0.0334566 0.020076 0.0133318 0.0282496 
49 0.174309 0.798676 0.0100294 0.00359743 0.00490687 0.00268039 0.00204784 0.0012331 0.000675826 0.00184444 
50 0.317642 0.6216 0.0178091 0.0111249 0.00852733 0.00644048 0.00533312 0.00434085 0.00201487 0.00516722 
51 0.382687 0.486526 0.0493763 0.0203103 0.0178327 0.0140597 0.0092462 0.00699352 0.00387704 0.00909147 
52 0.935534 0.0613069 0.00137531 0.0008048 0.000318501 0.000231497 0.000139259 9.90199e-05 7.7996e-05 0.000112509 
53 0.474022 0.519126 0.00284918 0.00187726 0.000691635 0.000502647 0.000302371 0.000215001 0.000169352 0.00024429 
54 0.912898 0.0708933 0.0109479 0.00243824 0.000390414 0.0016156 0.000469877 0.00011303 9.89964e-05 0.00013415 
55 0.459214 0.421834 0.0831814 0.00893593 0.00783192 0.00617485 0.00406083 0.00307148 0.00170276 0.00399287 
56 0.540914 0.456955 0.00150095 0.000177814 0.00012656 0.000102217 6.69847e-05 4.63777e-05 3.74561e-05 7.30539e-05 
57 0.542605 0.446122 0.00527342 0.0014968 0.0013142 0.00103614 0.000681409 0.000515395 0.000285723 0.000670006 
58 0.173193 0.532197 0.0491951 0.0458571 0.0573165 0.044605 0.0340822 0.0206937 0.013742 0.0291188 
59 0.297321 0.466116 0.0690554 0.0354678 0.0332596 0.0415708 0.0201949 0.0121603 0.00666468 0.0181891 
60 0.265184 0.440558 0.0817784 0.0590249 0.0396625 0.0334107 0.0284376 0.0172085 0.0090706 0.025665 
61 0.382687 0.471141 0.0493763 0.0204776 0.0330501 0.0140597 0.00924619 0.00699351 0.00387704 0.00909147 
62 0.2544 0.736216 0.00518273 0.00120181 0.000888686 0.000764141 0.000413515 0.000304713 0.00026688 0.00036165 
63 0.582752 0.410036 0.000881017 0.00455867 0.00103848 0.000280663 7.22265e-06 1.68866e-06 1.81918e-06 0.000442755 
64 0.720199 0.236513 0.0349192 0.00239766 0.00176922 0.00152127 0.000823236 0.000606631 0.000531311 0.000719981 
65 0.693464 0.302439 0.00258584 0.000426122 0.000303294 0.000244958 0.000160525 0.000111142 8.97615e-05 0.00017507 
66 0.622845 0.295037 0.0377335 0.00786212 0.0055666 0.0132819 0.0125804 0.00176369 0.00136304 0.00196618 
67 0.911794 0.0874987 0.000443982 7.43953e-05 5.29512e-05 4.27663e-05 2.80256e-05 1.94039e-05 1.56712e-05 3.05649e-05 
68 0.437103 0.440844 0.05262 0.0156526 0.0168196 0.0121923 0.00828004 0.0057188 0.00430031 0.00646927 
69 0.412335 0.405236 0.0539942 0.0430508 0.0257552 0.0264275 0.0117203 0.00705732 0.0038679 0.0105562 
70 0.265184 0.440558 0.0841024 0.0552914 0.041072 0.0334107 0.0284376 0.0172085 0.0090706 0.025665 
71 0.325129 0.482309 0.0623175 0.0292027 0.0316004 0.0229067 0.0155564 0.0107444 0.00807937 0.0121544 
72 0.382687 0.471141 0.0493763 0.0203104 0.0332173 0.0140597 0.00924619 0.00699351 0.00387704 0.00909147 
73 0.300766 0.548086 0.0443871 0.0236401 0.0214839 0.0180974 0.0154037 0.00932127 0.00491324 0.0139019 
74 0.332893 0.616126 0.0194932 0.00706 0.00763967 0.00553789 0.0037609 0.00259755 0.00195325 0.00293842 
75 0.979907 0.0196427 0.000281557 4.75658e-05 3.38551e-05 2.73433e-05 1.79186e-05 1.24062e-05 1.00196e-05 1.95421e-05 
76 0.288555 0.687904 0.0101165 0.00420118 0.00300125 0.00218165 0.00131239 0.000933172 0.000735041 0.00106029 
77 0.295416 0.457991 0.0649116 0.0644945 0.0314011 0.0237161 0.0196384 0.0159845 0.00741947 0.0190275 
78 0.255906 0.461621 0.0818316 0.0519713 0.0398367 0.0300876 0.0249144 0.0202789 0.00941276 0.0241394 
79 0.366017 0.631126 0.000241802 0.00234049 0.000110661 4.36758e-05 4.27079e-05 2.44873e-05 1.68081e-05 3.59621e-05 
80 0.325129 0.484378 0.0602483 0.0292027 0.0316004 0.0229067 0.0155564 0.0107444 0.00807937 0.0121544 
81 0.288446 0.496977 0.0669957 0.0344091 0.0320365 0.0256348 0.019592 0.0117973 0.00646574 0.0176461 
82 0.236824 0.47545 0.0708137 0.0585297 0.0412696 0.0337899 0.0282013 0.0168071 0.0105477 0.027767 
83 0.0814818 0.354279 0.0164286 0.15509 0.0425984 0.0993759 0.0991562 0.0148384 2.50548e-05 0.136727 
84 0.371264 0.472002 0.0628276 0.0204275 0.0315023 0.01364 0.00897019 0.00678475 0.00376131 0.00882008 
85 0.260115 0.53973 0.0673809 0.0403027 0.0261762 0.0209455 0.0160081 0.00963926 0.00528298 0.0144182 
86 0.810584 0.173868 0.0149007 0.000353616 8.69493e-05 7.47604e-05 4.04566e-05 2.98119e-05 2.61104e-05 3.53823e-05 
87 0.62844 0.216408 0.10265 0.0321849 0.00531388 0.00631538 0.00306699 0.00184677 0.00101216 0.00276236 
88 0.637748 0.292389 0.0333299 0.0126082 0.00698268 0.00550529 0.0036205 0.00273842 0.00151812 0.00355991 
89 0.360463 0.623009 0.00710175 0.0029501 0.0021075 0.00153196 0.000921566 0.000655279 0.00051615 0.000744544 
90 0.204492 0.446427 0.205132 0.0318756 0.028967 0.024401 0.020769 0.012568 0.00662459 0.0187441 
91 0.229973 0.590894 0.0559461 0.0272777 0.0247891 0.0208817 0.0177735 0.0107553 0.00566912 0.0160406 
92 0.276087 0.504242 0.0641287 0.0329344 0.0306635 0.0245362 0.0187524 0.0114936 0.0202703 0.016892 
93 0.82863 0.15816 0.00783927 0.00117079 0.00170195 0.00161012 0.000288459 0.000205104 0.000161557 0.000233045 
94 0.43331 0.289253 0.15424 0.0272871 0.0247891 0.0208817 0.0177735 0.0107553 0.00566912 0.0160407 
95 0.975704 0.00914838 0.0151097 1.13468e-05 7.32343e-06 5.91482e-06 3.87609e-06 2.68366e-06 2.16741e-06 4.22729e-06 
96 0.332632 0.528708 0.0708172 0.0169253 0.0148606 0.0117164 0.00770516 0.00582793 0.00323087 0.00757622 
97 0.597132 0.402151 0.000186864 3.04246e-05 0.00044413 1.74898e-05 1.14613e-05 7.93534e-06 6.40883e-06 1.24997e-05 
98 0.265806 0.647229 0.0505971 0.00865432 0.0114324 0.00530737 0.003474 0.00262762 0.00145669 0.00341587 
99 0.382687 0.471141 0.0493763 0.0203103 0.0180121 0.0286823 0.00982877 0.00699351 0.00387704 0.00909147 
100 0.389597 0.607022 0.00200133 0.000394542 0.000291747 0.00025086 0.000135753 0.000100034 8.76141e-05 0.000118726 
101 0.354491 0.595807 0.0224942 0.00613249 0.0103501 0.00483309 0.00191348 0.00136058 0.0010717 0.00154592 
102 0.244637 0.522777 0.0776739 0.0464115 0.0387488 0.0226818 0.016616 0.0100053 0.0054836 0.0149657 
103 0.247681 0.590193 0.0451219 0.0324739 0.021848 0.0184042 0.0156648 0.00947926 0.00499652 0.0141375 
104 0.265528 0.557804 0.0650424 0.0320309 0.0275144 0.01718 0.0116673 0.0080583 0.00605953 0.00911578 
105 0.507297 0.481335 0.0103671 0.000286274 0.000211685 0.000182018 9.84992e-05 7.25827e-05 6.35707e-05 8.61449e-05 
106 0.456586 0.532963 0.00467598 0.00180727 0.00129108 0.000938501 0.000564563 0.000401432 0.0003162 0.000456117 
107 0.479593 0.507735 0.00480898 0.00196162 0.00172232 0.00135792 0.00089302 0.000675451 0.000374454 0.000878076 
108 0.749139 0.250289 2.53975e-05 2.40933e-05 0.000258135 5.02674e-06 4.9181e-06 0.000248213 1.9354e-06 4.13895e-06 
109 0.341627 0.645157 0.00597229 0.00366348 0.00116513 0.00084694 0.000509484 0.000362268 0.000285351 0.000411618 
110 0.312351 0.660231 0.0117827 0.00489284 0.00349536 0.00254082 0.00152845 0.0010868 0.000856054 0.00123485 
111 0.867434 0.120861 0.00913372 0.0008114 0.000572666 0.000416278 0.000250415 0.000178058 0.000140253 0.000202314 
112 0.206113 0.511783 0.0646431 0.0424074 0.0461394 0.0305184 0.0353162 0.0273297 0.00866564 0.0270841 
113 0.300304 0.344472 0.265825 0.0265836 0.0186198 0.0139637 0.0106721 0.00642617 0.00352199 0.0096121 
114 0.2157 0.672853 0.0347954 0.0178714 0.0166391 0.0133142 0.0101757 0.00612728 0.00335817 0.00916503 
115 0.133663 0.82471 0.012911 0.00774833 0.00546339 0.0044732 0.00373336 0.00222498 0.00139633 0.00367587 
116 0.393958 0.451613 0.047198 0.0194143 0.0189633 0.0262181 0.00947825 0.0207607 0.00370603 0.00869037 
117 0.794115 0.190151 0.0102188 0.00172565 0.00123277 0.000896117 0.000539067 0.000383303 0.00030192 0.000435518 
118 0.501887 0.406699 0.0235867 0.0219449 0.00701238 0.0172574 0.00306184 0.00217361 0.00171219 0.0146647 
119 0.425582 0.538905 0.0136465 0.00545526 0.00478977 0.00377635 0.00248348 0.00187842 0.00104135 0.00244192 
120 0.870196 0.129472 0.00020844 3.46224e-05 2.46426e-05 1.99028e-05 1.30427e-05 9.03026e-06 7.29312e-06 1.42244e-05 
121 0.462987 0.421769 0.0728941 0.0105777 0.009273 0.00731102 0.00480802 0.00363663 0.00201606 0.00472756 
122 0.78039 0.192644 0.0191723 0.00243924 0.00174237 0.00126655 0.000761902 0.00054175 0.000426726 0.00061555 
123 0.365899 0.433135 0.0912929 0.0478441 0.0227199 0.0123564 0.00944365 0.00568647 0.00311658 0.00850567 
124 0.261542 0.435188 0.0802576 0.0626165 0.0402252 0.0292155 0.0286697 0.0297063 0.00913998 0.0234397 
125 0.400238 0.598093 0.00104448 0.000176075 0.000125322 0.000101217 6.63296e-05 4.59241e-05 3.70897e-05 7.23394e-05 
126 0.348692 0.437969 0.0585596 0.0627623 0.0292351 0.0207102 0.0140647 0.00971412 0.00730463 0.0109889 
127 0.388733 0.497116 0.0327954 0.0522819 0.00677861 0.00534431 0.00351464 0.00265835 0.00147413 0.00930338 
128 0.846496 0.136968 0.00724485 0.00290734 0.00207695 0.00150976 0.00090821 0.000645782 0.00050867 0.000733754 
129 0.42555 0.527959 0.0175748 0.00721406 0.00633401 0.00499386 0.00328417 0.00248403 0.00137709 0.00322921 
130 0.459525 0.510398 0.00960164 0.00616818 0.0040499 0.00324063 0.00247673 0.00149136 0.000817367 0.00223073 
131 0.284416 0.705784 0.00687016 0.000917087 0.00065513 0.000476222 0.000286475 0.000203698 0.000160449 0.000231447 
132 0.561317 0.424863 0.0102853 0.00101092 0.000747461 0.000642708 0.000347801 0.00025629 0.000224469 0.000304178 
133 0.472209 0.432264 0.0284066 0.0118004 0.00855034 0.0354192 0.00368628 0.00262112 0.0020646 0.00297818 
134 0.337008 0.521609 0.0414226 0.0200769 0.0217264 0.0261639 0.0106952 0.00738678 0.00555457 0.00835613 
135 0.247066 0.55702 0.0595373 0.0346235 0.0331736 0.0197869 0.0165142 0.00984202 0.00617656 0.01626 
136 0.782125 0.187837 0.021067 0.00464177 0.00140847 0.00102382 0.000615887 0.000437926 0.000344946 0.000497582 
137 0.49085 0.42588 0.0292674 0.012158 0.00868544 0.00631355 0.003798 0.017852 0.00212717 0.00306842 
138 0.634847 0.307494 0.016063 0.00372579 0.0170404 0.00241755 0.0155189 0.000944637 0.000827327 0.00112111 
139 0.249995 0.501629 0.0728772 0.0388604 0.0353159 0.0297492 0.0253212 0.0153226 0.00807656 0.0228524 
140 0.544646 0.364834 0.0364182 0.0206085 0.0191684 0.00502548 0.00302007 0.00214742 0.00169148 0.00243995 
141 0.453666 0.35196 0.107738 0.020701 0.0186647 0.0149351 0.0114145 0.00687321 0.00376699 0.0102808 
142 0.314178 0.459696 0.0660089 0.0339031 0.0315654 0.0252578 0.0193039 0.0116238 0.00663152 0.0318316 
143 0.682246 0.316136 0.00101298 0.000170651 0.000121461 9.80991e-05 6.42863e-05 4.45094e-05 3.59472e-05 7.01109e-05 
144 0.623604 0.333629 0.0158412 0.0177576 0.00271613 0.00233547 0.00126384 0.000931307 0.000815675 0.00110532 
145 0.356887 0.507382 0.0458494 0.0188596 0.0165589 0.013572 0.0223147 0.00653417 0.00360011 0.00844208 
146 0.212477 0.720469 0.0213302 0.010252 0.0110938 0.00804172 0.0054613 0.00377197 0.00283637 0.00426696 
147 0.72652 0.117085 0.147459 0.00190903 0.00367266 0.00110678 0.000751629 0.000519129 0.000390365 0.000587254 
148 0.666444 0.330997 0.0014193 0.00032599 0.000241056 0.000207273 0.000112166 8.26535e-05 7.23911e-05 9.80975e-05 
149 0.282938 0.42954 0.069547 0.0806592 0.0461682 0.0251984 0.0208658 0.0169836 0.00788319 0.0202167 
150 0.245285 0.599213 0.0513445 0.0230635 0.0209599 0.017656 0.015028 0.00909392 0.0047934 0.0135628 
151 0.732841 0.229197 0.014949 0.00569238 0.00632408 0.00363071 0.00246217 0.00170055 0.00127875 0.00192371 
152 0.366417 0.549413 0.0317769 0.013071 0.0114765 0.00904829 0.00595052 0.00450078 0.00249513 0.00585094 
153 0.271632 0.42943 0.0783245 0.0502038 0.064373 0.0306662 0.0238467 0.0194098 0.00900936 0.0231048 
154 0.767755 0.204138 0.00926957 0.0157358 0.000971964 0.00077125 0.000417362 0.000307548 0.000269362 0.000365014 
155 0.341496 0.475397 0.0536994 0.0286546 0.0260411 0.0219363 0.0186711 0.0112985 0.00595544 0.0168508 
156 0.261381 0.517156 0.0608156 0.0311542 0.029006 0.023903 0.0437142 0.0110399 0.00585411 0.0159769 
157 0.406096 0.423937 0.0908467 0.0219203 0.0187125 0.0136968 0.00875111 0.00526946 0.00288803 0.00788193 
158 0.260547 0.479209 0.0831749 0.0363693 0.0337581 0.0399555 0.0236993 0.0143404 0.00755883 0.0213875 
159 0.320579 0.517188 0.0517179 0.0348184 0.0197245 0.0161496 0.0134785 0.00803282 0.00504117 0.013271 
160 0.284204 0.4578 0.0960526 0.0357286 0.0315684 0.0383438 0.0209208 0.0116238 0.00637065 0.0173866 
161 0.745293 0.179073 0.021064 0.0266011 0.0262755 0.00053077 0.000347805 0.000240807 0.000194483 0.000379318 
162 0.207402 0.726499 0.0271907 0.00873267 0.00943724 0.00684092 0.00464582 0.00320874 0.00241284 0.00362981 
163 0.599916 0.289183 0.0593922 0.0171874 0.010605 0.00733755 0.00579449 0.00350643 0.00184824 0.00522955 
164 0.24543 0.549521 0.0889057 0.0336431 0.0246689 0.0182716 0.0139645 0.00840872 0.00460856 0.0125775 
165 0.388672 0.495248 0.0438448 0.0168886 0.0156675 0.0125367 0.00958151 0.00576949 0.00316208 0.00862985 
166 0.361673 0.594852 0.0235737 0.00497082 0.00435761 0.00343563 0.00225941 0.00170894 0.000947398 0.0022216 
167 0.187544 0.780831 0.0119534 0.0049077 0.00430901 0.00339731 0.00223421 0.00168988 0.000936832 0.00219682 
168 0.888336 0.108281 0.00260514 0.000673055 2.90961e-05 2.34814e-05 1.53879e-05 1.0654e-05 8.60447e-06 1.67821e-05 
169 0.320276 0.468986 0.067512 0.0287669 0.0311288 0.0227657 0.0300487 0.0105841 0.00795878 0.011973 
170 0.245037 0.70534 0.0157804 0.0075881 0.00821114 0.00595214 0.00404222 0.00279185 0.00209936 0.00315822 
171 0.214196 0.497289 0.052656 0.0375024 0.0625254 0.0369248 0.0302162 0.0303884 0.011144 0.0271577 
172 0.669366 0.26359 0.0630218 0.00115473 0.000849537 0.000730479 0.000395299 0.00029129 0.000255123 0.000345718 
173 0.291771 0.457114 0.104286 0.0561126 0.0244277 0.0183261 0.0151752 0.0123517 0.00573323 0.0147031 
174 0.594936 0.404293 0.000434052 9.62687e-05 7.11867e-05 6.12103e-05 3.31239e-05 2.44086e-05 2.1378e-05 2.89693e-05 
175 0.179304 0.799781 0.00656381 0.00334602 0.0031153 0.00249279 0.00190518 0.0011472 0.000628744 0.00171595 
176 0.155154 0.501033 0.0471159 0.0539658 0.0604101 0.0396284 0.0458583 0.0354878 0.0114434 0.0499032 
177 0.397021 0.481276 0.0464135 0.0146489 0.0198968 0.0108791 0.00830802 0.00500265 0.00274191 0.0138118 
178 0.174388 0.482197 0.0563841 0.0408953 0.0573435 0.03793 0.043893 0.0349719 0.0240294 0.0479688 
179 0.640985 0.352646 0.00276267 0.00112859 0.000806243 0.000586068 0.000352554 0.000250683 0.000197458 0.000284833 
180 0.639896 0.212957 0.102652 0.0280803 0.0086812 0.00272126 0.0016277 0.00115738 0.000911642 0.00131504 
181 0.336619 0.569303 0.0317833 0.013071 0.0114765 0.00904829 0.00595052 0.00450078 0.00249717 0.0157498 
182 0.500438 0.445265 0.0345728 0.00617258 0.00440953 0.00320534 0.0019282 0.00137105 0.00107994 0.00155782 
183 0.342721 0.378809 0.182575 0.0249506 0.0221875 0.0160834 0.0109226 0.00754394 0.00567275 0.00853392 
184 0.325412 0.463393 0.0576283 0.0285515 0.0419405 0.0240711 0.0148801 0.0116419 0.0169973 0.0154848 
185 0.352086 0.528282 0.0526489 0.0167112 0.0146725 0.0115681 0.00760763 0.00575416 0.00318997 0.00748032 
186 0.849805 0.149251 0.000521228 0.000120737 8.928e-05 7.67679e-05 4.15429e-05 3.06124e-05 2.68115e-05 3.63324e-05 
187 0.339705 0.432051 0.0704754 0.0410887 0.0433021 0.0273951 0.0175859 0.00984904 0.00740609 0.0111415 
188 0.211038 0.702585 0.0274996 0.0132012 0.0142851 0.0103551 0.00703236 0.00485706 0.00365232 0.00549444 
189 0.545237 0.449474 0.00330931 0.000558253 0.000397339 0.000320913 0.000210301 0.000145604 0.000117595 0.000229355 
190 0.254572 0.643996 0.0321085 0.0155434 0.0168196 0.0121923 0.00828004 0.0057188 0.00430031 0.00646926 
191 0.572053 0.387408 0.0285427 0.00343148 0.00253743 0.00218182 0.00118069 0.000870037 0.000762012 0.0010326 
192 0.634088 0.182805 0.106487 0.033088 0.0118284 0.00876466 0.00725768 0.00590733 0.00274198 0.00703191 
193 0.197919 0.76701 0.0189875 0.00401269 0.00352317 0.00277774 0.00182676 0.0013817 0.000765981 0.00179619 
194 0.43127 0.380031 0.120055 0.0208398 0.0144542 0.0150938 0.00577893 0.00437095 0.00242315 0.00568217 
195 0.350936 0.39823 0.168725 0.0191954 0.0196758 0.0142627 0.00968609 0.00668991 0.00503055 0.00756782 
196 0.859221 0.131312 0.00592051 0.0010002 0.000711899 0.00057497 0.000376789 0.000260874 0.00021069 0.000410928 
197 0.448655 0.533163 0.00137696 0.00134493 0.000710958 0.000299787 0.0139538 0.000157323 0.000107986 0.000231044 
198 0.245158 0.706263 0.0183412 0.00754384 0.00662357 0.00522216 0.0034343 0.00259759 0.00144004 0.00337683 
199 0.265184 0.440558 0.0817755 0.0436432 0.0396625 0.0334107 0.0284376 0.0172085 0.0164474 0.0336728 
200 0.198025 0.654597 0.0432203 0.0230635 0.0209599 0.017656 0.015028 0.00909392 0.0047934 0.0135628 
201 0.327361 0.650934 0.0114186 0.00329579 0.00227476 0.00165355 0.000994706 0.000707285 0.000557114 0.000803635 
202 0.247665 0.565264 0.0252725 0.0242599 0.0340173 0.0225009 0.0260382 0.0215956 0.0133983 0.0199884 
203 0.340281 0.454076 0.0602477 0.0292027 0.0316004 0.0229067 0.0187779 0.0226744 0.0080794 0.0121544 
204 0.529147 0.445736 0.0107923 0.00448283 0.00320245 0.0023279 0.00140037 0.000995731 0.000784318 0.00113137 
205 0.351268 0.63891 0.00371114 0.00152445 0.00133848 0.00105529 0.000693998 0.000524917 0.000291002 0.000682385 
206 0.36449 0.468627 0.0469195 0.0358645 0.0422997 0.017143 0.00780523 0.00590362 0.00327283 0.00767462 
207 0.280085 0.511559 0.0650522 0.0334117 0.0311079 0.0248918 0.0190242 0.0114554 0.00627832 0.0171346 
208 0.332833 0.544975 0.0584358 0.0159057 0.0139654 0.0110106 0.007241 0.00547685 0.00303624 0.00711982 
209 0.282726 0.424561 0.0819067 0.069485 0.043047 0.0306333 0.0214009 0.017419 0.00808532 0.0207351 
210 0.375268 0.46401 0.0550454 0.019133 0.0168963 0.0421034 0.0087395 0.00658809 0.00365229 0.00856443 
211 0.283293 0.478374 0.223424 0.00466597 0.00333278 0.00242264 0.00145736 0.00103626 0.000816237 0.00117742 
212 0.932485 0.0588144 0.00326792 0.00232827 0.000909126 0.000713409 0.000469167 0.000354862 0.000196727 0.000461316 
213 0.371535 0.296723 0.0336717 0.259855 0.0111726 0.00878728 0.00577887 0.00437095 0.00242315 0.00568217 
214 0.402461 0.581632 0.00878456 0.00203744 0.0015066 0.00129546 0.000701037 0.000516584 0.000452444 0.000613109 
215 0.445037 0.548773 0.00341905 0.000792681 0.000586155 0.000504008 0.000272744 0.000200981 0.000176027 0.000238535 
216 0.314243 0.427331 0.0794379 0.0813896 0.0324814 0.0174548 0.0155435 0.0157931 0.00438356 0.0119423 
217 0.575971 0.405817 0.00881971 0.00293929 0.00209978 0.00152635 0.00091819 0.000652879 0.00051426 0.000741817 
218 0.309071 0.439095 0.0650547 0.0479281 0.0455746 0.0248918 0.0190242 0.0114554 0.00628207 0.0316236 
219 0.175455 0.518155 0.0412204 0.0397593 0.0557506 0.0368764 0.0426737 0.0330234 0.0106293 0.0464571 
220 0.286064 0.457541 0.0770245 0.0368433 0.0334814 0.0282038 0.0241046 0.0272366 0.00783525 0.0216653 
221 0.296193 0.476462 0.076123 0.0320373 0.0436818 0.0238563 0.0182315 0.010978 0.00601673 0.0164207 
222 0.561487 0.403249 0.015232 0.00626895 0.00447843 0.00325542 0.00195833 0.00139247 0.00109682 0.00158216 
223 0.173193 0.516864 0.0491433 0.0458571 0.0573165 0.044605 0.0340822 0.0206937 0.0137765 0.0444689 
224 0.274512 0.452245 0.090223 0.0405258 0.0368295 0.0310242 0.0264063 0.0159793 0.0084227 0.0238318 
225 0.334521 0.542043 0.0391597 0.0188959 0.0204473 0.014822 0.0100659 0.00695226 0.00522783 0.0078646 
226 0.297678 0.470687 0.0993055 0.0312283 0.0286193 0.0229004 0.0175022 0.0105389 0.00577606 0.0157638 
227 0.589541 0.40732 0.00174516 0.000398765 0.00029487 0.000253545 0.000137206 0.000101105 8.85518e-05 0.000119997 
228 0.256558 0.732027 0.00504695 0.00158866 0.00139485 0.00109973 0.000723228 0.000547025 0.000303258 0.000711125 
229 0.182949 0.51636 0.0476764 0.0444882 0.0556055 0.0432842 0.0479794 0.020076 0.0133318 0.0282496 
230 0.277075 0.616713 0.0336435 0.024844 0.0123353 0.0103909 0.00884423 0.00535193 0.002821 0.00798195 
231 0.538943 0.426825 0.0100395 0.0205046 0.00112867 0.000926361 0.0005013 0.000369401 0.000323536 0.000438424 
232 0.253279 0.602153 0.081557 0.0191811 0.0124076 0.00992794 0.00758767 0.0045689 0.00250407 0.00683404 
233 0.573228 0.27437 0.0935957 0.0164553 0.00823785 0.0205116 0.00439949 0.00322396 0.00178729 0.0041911 
234 0.655766 0.342138 0.00186422 6.52898e-05 4.64703e-05 3.7532e-05 2.45955e-05 1.7029e-05 1.37531e-05 2.68239e-05 
235 0.594997 0.091861 0.29827 0.00307351 0.0061954 0.00184287 0.0011901 0.000900155 0.000499025 0.00117019 
236 0.308629 0.454796 0.0787464 0.0334441 0.0311079 0.0249625 0.0334447 0.0114569 0.00627832 0.0171346 
237 0.378825 0.485156 0.0475399 0.0273689 0.0163749 0.0123673 0.0102409 0.00833549 0.00386905 0.00992233 
238 0.254247 0.583803 0.050849 0.0259035 0.0241173 0.0192981 0.0147491 0.00888112 0.00486746 0.0132841 
239 0.196773 0.572537 0.0384978 0.0359122 0.0448864 0.0349316 0.0266909 0.0162059 0.0107618 0.0228039 
240 0.297321 0.466116 0.0690554 0.0354678 0.0330222 0.030436 0.0308507 0.0128767 0.00666468 0.0181891 
241 0.460387 0.411544 0.0391458 0.0196245 0.022453 0.0114977 0.0073293 0.00554364 0.00390811 0.0185669 
242 0.31046 0.355008 0.1729 0.0517105 0.0306627 0.0219116 0.0181442 0.0147683 0.00685494 0.0175798 
243 0.263696 0.686247 0.0159456 0.00764832 0.00827631 0.00599938 0.00407431 0.00281401 0.00211602 0.00318329 
244 0.859828 0.137663 0.00157373 0.00026379 0.000187754 0.00015164 9.93729e-05 6.8802e-05 5.55667e-05 0.000108377 
245 0.267417 0.715626 0.0064576 0.00261939 0.00229985 0.00181325 0.00119247 0.000901941 0.000500016 0.00117251 
246 0.385828 0.607245 0.003826 0.000887047 0.000655935 0.000564009 0.000305213 0.000224907 0.000196983 0.000266932 
247 0.308507 0.506303 0.0455925 0.0376676 0.0265596 0.021746 0.0181493 0.0108165 0.0067881 0.0178698 
248 0.584459 0.344031 0.0542387 0.00254587 0.0106352 0.00148053 0.000801185 0.000590382 0.000517079 0.000700696 
249 0.354816 0.514543 0.047986 0.0185325 0.0200541 0.014537 0.00987236 0.00681856 0.00512729 0.00771335 
250 0.296409 0.337176 0.242842 0.060128 0.0170005 0.0128399 0.0106323 0.00865405 0.00401691 0.0103015 
251 0.164549 0.804743 0.0116042 0.00476596 0.00418456 0.0032992 0.00216968 0.00164108 0.000909776 0.00213338 
252 0.282896 0.435828 0.0781677 0.0417342 0.0525699 0.0319689 0.027183 0.0164493 0.00867042 0.0245328 
253 0.373171 0.51807 0.0497951 0.0152753 0.0117064 0.00884154 0.00732135 0.00595915 0.00276603 0.00709359 
254 0.247306 0.466041 0.0765398 0.073306 0.03692 0.0276147 0.0228667 0.0186121 0.00863911 0.0221553 
255 0.330131 0.461061 0.0611746 0.029652 0.0320866 0.0232591 0.0157958 0.0109102 0.0235258 0.0124034 
256 0.248043 0.435808 0.121323 0.0504651 0.038682 0.0292155 0.0241923 0.0196911 0.00913993 0.0234397 
257 0.18068 0.762196 0.0141263 0.00803432 0.010042 0.00781489 0.00597127 0.00362558 0.00240763 0.00510168 
258 0.285937 0.676035 0.0132466 0.00577797 0.00537956 0.0043046 0.00328989 0.001981 0.00108573 0.00296313 
259 0.372566 0.403678 0.0673185 0.0521243 0.0299068 0.0205701 0.0170333 0.0138641 0.00643525 0.0165035 
260 0.341949 0.617249 0.0217673 0.00474916 0.00416951 0.00328733 0.00216188 0.00163517 0.000906503 0.0021257 
261 0.457093 0.417319 0.0374847 0.0238612 0.0129145 0.0309131 0.00646248 0.00488794 0.00270976 0.00635425 
262 0.206233 0.612902 0.0636617 0.0252841 0.0297638 0.0182496 0.0155331 0.0093996 0.00495453 0.0140187 
263 0.457752 0.541047 0.000752226 0.000126786 9.02407e-05 7.28835e-05 4.7762e-05 3.30686e-05 2.67072e-05 5.20895e-05 
264 0.297321 0.466116 0.0690554 0.0354678 0.0330222 0.0264236 0.0201949 0.0121603 0.0066857 0.0335526 
265 0.340197 0.429775 0.0943611 0.0297087 0.0265035 0.0335456 0.0162058 0.00975826 0.0053482 0.0145962 
266 0.340927 0.456814 0.0516727 0.0380033 0.0327541 0.0268424 0.0264333 0.00920953 0.00692517 0.010418 
267 0.429747 0.557112 0.000997066 0.0108708 0.000513929 0.000202812 0.000198317 0.000113709 7.80495e-05 0.000166992 
268 0.280794 0.63406 0.029905 0.0128799 0.0119913 0.00959516 0.00733334 0.00441575 0.00242014 0.00660497 
269 0.450404 0.475328 0.0261034 0.0108436 0.00774647 0.005631 0.00338738 0.00240859 0.00189747 0.0162499 
270 0.368811 0.584089 0.0251842 0.00685838 0.00489948 0.00356149 0.00214244 0.00152338 0.00119994 0.00173091 
271 0.184282 0.748473 0.0212755 0.0103068 0.0111531 0.00808472 0.00549051 0.00379214 0.00285154 0.00428978 
272 0.354252 0.403218 0.0640789 0.0462265 0.031061 0.0262861 0.0341974 0.0134766 0.00710348 0.0200991 
273 0.365574 0.617201 0.00776346 0.00296098 0.00211527 0.00153762 0.000924967 0.000657697 0.000518055 0.000747292 
274 0.155188 0.505805 0.0452806 0.0440411 0.0617884 0.0561983 0.0472695 0.0365797 0.0115986 0.036251 
275 0.311921 0.484828 0.0586838 0.0517898 0.0291232 0.0209978 0.0142601 0.00984904 0.00740609 0.0111415 
276 0.285849 0.531264 0.0634529 0.0512093 0.0182812 0.0138073 0.0114333 0.00930607 0.00431955 0.0110777 
277 0.249811 0.443995 0.0770433 0.0411131 0.0435113 0.0591837 0.0364093 0.0162109 0.00854477 0.0241772 
278 0.225016 0.580858 0.0381204 0.0432056 0.032403 0.0252115 0.0192638 0.0116964 0.00776722 0.0164585 
279 0.364293 0.462486 0.0540884 0.027776 0.0258608 0.0206932 0.0158153 0.00952312 0.00521933 0.0142444 
280 0.289899 0.420656 0.086248 0.0458756 0.0613706 0.0265302 0.021964 0.0178774 0.00829809 0.0212808 
281 0.391953 0.537315 0.0344312 0.00928285 0.0078852 0.00621685 0.00408845 0.00309237 0.00171434 0.00402004 
282 0.544465 0.430297 0.00903794 0.00483632 0.005962 0.00189422 0.00113939 0.000810163 0.000638149 0.000920527 
283 0.291592 0.578561 0.0412276 0.0198699 0.0215013 0.015586 0.0105848 0.00731063 0.0054973 0.00826999 
284 0.229908 0.698202 0.0224506 0.011527 0.0107322 0.00858767 0.00656334 0.0039521 0.00216602 0.00591144 
285 0.820659 0.158834 0.0138437 0.000991714 0.00365434 0.00099918 0.000312658 0.000230393 0.000201787 0.000273442 
286 0.348925 0.501642 0.0467522 0.0510945 0.0150619 0.0118685 0.00780523 0.00590362 0.00327283 0.00767462 
287 0.272193 0.442329 0.0798414 0.0532321 0.0420087 0.0324133 0.0275887 0.0166948 0.00879983 0.0248989 
288 0.242463 0.730007 0.00647104 0.00670064 0.00374135 0.00306324 0.0025566 0.00152366 0.000956204 0.00251723 
289 0.272368 0.654951 0.0274524 0.0112835 0.00990705 0.00781092 0.00513677 0.00388529 0.00215391 0.00505082 
290 0.187944 0.533787 0.0420584 0.0392199 0.0490206 0.0432782 0.0503247 0.0177097 0.011753 0.0249042 
291 0.41044 0.518893 0.0176377 0.0274026 0.00597802 0.00986224 0.00309797 0.00234319 0.00129901 0.00304611 
292 0.213784 0.736694 0.0187559 0.00767542 0.0067391 0.00531324 0.0034942 0.0026429 0.00146516 0.00343573 
293 0.263858 0.543166 0.0626418 0.0359304 0.024715 0.0261648 0.0170858 0.00868593 0.00476049 0.0129922 
294 0.933057 0.0579921 0.0086502 8.48252e-05 6.0302e-05 4.87033e-05 3.19162e-05 2.20976e-05 1.78467e-05 3.4808e-05 
295 0.312402 0.499093 0.0691146 0.0267695 0.0289671 0.0209978 0.0142601 0.00984904 0.00740609 0.0111415 
296 0.320277 0.462223 0.0593495 0.0287668 0.0314365 0.0415695 0.0258626 0.0105841 0.00795878 0.011973 
297 0.356614 0.507775 0.121461 0.00353039 0.00309926 0.00244352 0.00160696 0.00121545 0.000673818 0.00158007 
298 0.175885 0.406819 0.0885191 0.0533723 0.0816206 0.0559146 0.0421196 0.0423596 0.015534 0.0378562 
299 0.410738 0.451572 0.0481476 0.0200769 0.0217253 0.0157484 0.0106951 0.00738678 0.00555456 0.00835613 
300 0.511236 0.314724 0.0464122 0.0287775 0.0237214 0.0304366 0.0148849 0.0112288 0.00521202 0.0133664 
301 0.304853 0.673595 0.00832235 0.00330043 0.00289781 0.00228469 0.00150251 0.00113645 0.00063002 0.00147736 
302 0.483219 0.494812 0.00853841 0.00335069 0.00294194 0.00231949 0.00152539 0.00115375 0.000639614 0.00149986 
303 0.293889 0.487753 0.0742492 0.0430088 0.0286193 0.0229004 0.0175022 0.0105389 0.00577606 0.0157638 
304 0.302831 0.416413 0.115699 0.0396047 0.0432464 0.024152 0.0205383 0.0124284 0.00655099 0.0185359 
305 0.275387 0.422908 0.103382 0.0481732 0.0371637 0.0403751 0.0232036 0.0186121 0.00863911 0.0221553 
306 0.290153 0.598231 0.0349653 0.0178714 0.0166391 0.0133142 0.0101757 0.00612728 0.00335817 0.00916503 
307 0.333257 0.601242 0.0384985 0.00845857 0.00603409 0.00438626 0.00263859 0.00187617 0.00147782 0.00213175 
308 0.394648 0.519341 0.0264073 0.0119713 0.0129542 0.00939033 0.00637985 0.0105357 0.00338941 0.00498254 
309 0.475699 0.42588 0.0292674 0.012158 0.00868992 0.0214623 0.0189353 0.002713 0.00212716 0.00306842 
310 0.679201 0.314658 0.00235042 0.000945682 0.000830318 0.00065464 0.000430517 0.000325629 0.000180521 0.000423313 
311 0.276763 0.715377 0.00528423 0.000806249 0.000575541 0.000418368 0.000251673 0.000178952 0.000140957 0.000203329 
312 0.860687 0.116426 0.0122016 0.00727744 0.00110929 0.000805985 0.000484847 0.00034475 0.000271553 0.000391714 
313 0.266927 0.481012 0.0847943 0.04112 0.0296355 0.024962 0.0257066 0.0198133 0.00685462 0.019175 
314 0.468599 0.434449 0.0296313 0.0291803 0.0203464 0.00627496 0.00374128 0.00266024 0.00209542 0.00302263 
315 0.373626 0.493029 0.041789 0.0213464 0.0198745 0.0159031 0.0121543 0.0073187 0.00401115 0.0109471 
316 0.448401 0.488396 0.0227008 0.00923778 0.0177573 0.00473627 0.00284848 0.00202541 0.00159537 0.00230132 
317 0.213897 0.618257 0.0492224 0.0262667 0.023871 0.0201083 0.0171152 0.010357 0.00545916 0.0154466 
318 0.786574 0.202654 0.00803045 0.00128779 0.000677329 2.06748e-05 0.000733026 1.64498e-05 1.98664e-06 4.25055e-06 
319 0.812603 0.187097 9.31413e-05 8.95803e-05 4.73539e-05 1.86897e-05 1.82755e-05 1.04786e-05 7.19252e-06 1.53889e-05 
320 0.207674 0.56194 0.0760318 0.0341784 0.031061 0.026165 0.0222704 0.0134765 0.00710348 0.0200991 
321 0.362948 0.515694 0.0446302 0.0165195 0.0243924 0.0126634 0.0073293 0.00554364 0.00307327 0.00720665 
322 0.335766 0.358695 0.0805537 0.0758581 0.0411229 0.0363299 0.021661 0.0240621 0.00677689 0.019175 
323 0.192617 0.801843 0.00241699 0.000977376 0.000698221 0.000507545 0.000305318 0.000217096 0.000171002 0.00024667 
324 0.481448 0.294306 0.0934394 0.0623692 0.0203303 0.0151994 0.0116165 0.00699486 0.00383367 0.0104627 
325 0.450107 0.467151 0.0660916 0.00521062 0.00372233 0.00270581 0.0016277 0.00115738 0.000911642 0.00131504 
326 0.531525 0.344453 0.109215 0.00468324 0.00329448 0.00239479 0.00144061 0.00102434 0.000806855 0.00116389 
327 0.55956 0.434987 0.00341022 0.000576117 0.000410054 0.000331183 0.00021703 0.000150264 0.000121358 0.000236695 
328 0.307415 0.469074 0.0906822 0.0401776 0.0263572 0.0209455 0.0160081 0.00963926 0.00528298 0.0144182 
329 0.518499 0.462845 0.0122776 0.00199609 0.00142597 0.00103655 0.000623547 0.000443373 0.000349236 0.000503771 
330 0.481104 0.321361 0.0611322 0.0875256 0.0129697 0.0103601 0.00864661 0.00515313 0.00323395 0.00851346 
331 0.509553 0.384654 0.0816225 0.0060351 0.00529281 0.00417296 0.0027443 0.0020757 0.00115072 0.00269838 
332 0.285238 0.473858 0.0663204 0.0473344 0.0325997 0.0259519 0.0333157 0.0116238 0.00637065 0.0173866 
333 0.280328 0.620234 0.0291924 0.021325 0.0138481 0.0110809 0.00846882 0.00509948 0.00279487 0.00762767 
334 0.579769 0.344454 0.0733243 0.000753048 0.000503512 0.000432947 0.000234289 0.000172644 0.000151209 0.000204903 
335 0.430084 0.482047 0.0527231 0.0110128 0.00785259 0.00570814 0.00343378 0.00244159 0.00192319 0.00277419 
336 0.539392 0.36691 0.0241456 0.0108628 0.0272435 0.00929824 0.00313332 0.00222795 0.00204841 0.0147379 
337 0.421362 0.525116 0.0229958 0.00955269 0.00682427 0.00496065 0.00298412 0.00212186 0.00167134 0.0024109 
338 0.716379 0.266337 0.0095575 0.0022101 0.00163428 0.00140524 0.000760447 0.000560363 0.000490787 0.000665067 
339 0.38751 0.468533 0.0486282 0.0200026 0.0175625 0.0139727 0.0240304 0.0069887 0.0038183 0.00895372 
340 0.265184 0.440558 0.0817755 0.0440123 0.054678 0.0334107 0.0284376 0.0172085 0.0090706 0.025665 
341 0.695552 0.226871 0.0501676 0.00618831 0.00909833 0.00393913 0.00259053 0.00195939 0.00108624 0.00254718 
342 0.314948 0.468478 0.0632964 0.0407696 0.0359434 0.0241906 0.0184883 0.0111327 0.00610147 0.016652 
343 0.361896 0.578573 0.0273305 0.00982154 0.00699955 0.0050733 0.00344539 0.00237963 0.00178939 0.00269191 
344 0.287119 0.427407 0.0793344 0.0423404 0.0384786 0.0324133 0.0275887 0.0203549 0.020065 0.0248991 
345 0.265333 0.721054 0.00588946 0.00241695 0.00172662 0.0012551 0.000755018 0.000536855 0.00042287 0.000609988 
346 0.310171 0.458215 0.0665038 0.0320196 0.0313724 0.0371455 0.0311574 0.0109784 0.00601673 0.0164207 
347 0.8856 0.113723 0.000427875 7.01214e-05 4.99092e-05 4.03095e-05 2.64156e-05 1.82891e-05 1.47709e-05 2.8809e-05 
348 0.301712 0.428426 0.121454 0.0376931 0.027608 0.0298155 0.0168613 0.0137241 0.00637025 0.0163368 
349 0.429357 0.506065 0.0289466 0.00802435 0.00573245 0.00416699 0.00250669 0.00178238 0.00148417 0.0119343 
350 0.515298 0.412873 0.0561815 0.00490521 0.00349536 0.00254082 0.00152845 0.0010868 0.000856054 0.00123485 
351 0.578492 0.234906 0.166444 0.00470062 0.00878083 0.00234099 0.00140824 0.00100132 0.000788724 0.00113773 
352 0.224301 0.7194 0.0212547 0.00874286 0.00767632 0.00605217 0.00398015 0.00301045 0.00166893 0.00391355 
353 0.237375 0.65781 0.0331814 0.0160615 0.0173802 0.0125987 0.00855604 0.00590942 0.00444365 0.00668491 
354 0.443632 0.538279 0.00687768 0.00279697 0.00245577 0.00193618 0.00127331 0.00096309 0.000533915 0.001252 
355 0.227566 0.72851 0.0139723 0.0067156 0.007267 0.00526775 0.00357744 0.00247084 0.00185797 0.00279508 
356 0.384132 0.588064 0.0225913 0.00163209 0.00116512 0.00084694 0.000509484 0.000362268 0.000285351 0.000411618 
357 0.312977 0.68096 0.00335719 0.000773863 0.00057224 0.000492043 0.000266269 0.00019621 0.000171848 0.000232872 
358 0.620053 0.28744 0.075932 0.00446629 0.00353392 0.00278621 0.00183233 0.00138591 0.000768317 0.00180166 
359 0.24858 0.562666 0.0716131 0.0251668 0.0335217 0.0184683 0.0141147 0.00849913 0.00465811 0.0127128 
360 0.297321 0.466116 0.0690554 0.0354678 0.0330222 0.0268432 0.0306946 0.0166256 0.00666468 0.0181891 
361 0.201847 0.564343 0.0343154 0.0313822 0.0602525 0.0410559 0.0233194 0.0141588 0.00940242 0.0199234 
362 0.401043 0.357629 0.0934055 0.0481205 0.0258363 0.0217169 0.0184844 0.0111855 0.00589589 0.0166823 
363 0.281787 0.501796 0.0572882 0.0518754 0.0277211 0.0233515 0.0198757 0.0120274 0.00633967 0.0179379 
364 0.376158 0.446095 0.0855515 0.0419147 0.0146805 0.0115681 0.00760763 0.00575416 0.00318997 0.00748032 
365 0.318786 0.602156 0.0515717 0.0114414 0.00470429 0.00368499 0.0024234 0.00183298 0.00101616 0.00238284 
366 0.255935 0.581806 0.0581746 0.0242675 0.0225941 0.0180793 0.0138175 0.0083202 0.00456004 0.0124451 
367 0.306449 0.522664 0.0840561 0.0194689 0.021067 0.0152711 0.010371 0.00716294 0.00538624 0.00810292 
368 0.232525 0.595422 0.0498445 0.0316553 0.0242641 0.0183261 0.0151752 0.0123517 0.00573323 0.0147031 
369 0.248043 0.46316 0.0794818 0.0649539 0.038682 0.0292155 0.0241923 0.0196911 0.00913993 0.0234397 
370 0.330131 0.461062 0.0611746 0.029652 0.0320866 0.0232591 0.0163244 0.0248002 0.00916919 0.0123414 
371 0.155188 0.505805 0.0453093 0.0591515 0.062 0.0408477 0.0472693 0.0365797 0.0115986 0.036251 
